coordinate_type: enu

easting: [0.0, 15.957642363104057, 14.05951938683208, -0.7589848679865968, -1.517969634872479, 12.161396440371947, 10.263273522351472, -2.2769542987119715, -3.035938861450749, -0.053541596651033085]

northing: [0.0, 16.036944724953997, 18.869373738493735, 3.977228804554404, 7.9544576500779085, 21.701802824072928, 24.53423198150144, 11.931686536803689, 15.908915464038241, 18.906133541081875]

height: [1.0, 1.0, 1.0, 1.0, 1.0, 1.0, 1.0, 1.0, 1.0, 1.0]

heading: [0.0, 0.0, 0.0, 0.0, 0.0, 0.0, 0.0, 0.0, 0.0, 0.0]

waiting_time: [0.0, 0.0, 0.0, 0.0, 0.0, 0.0, 0.0, 0.0, 0.0, 0.0]
