# Serpentine with bounding square approx 50 m on the side
coordinate_type: gps

easting: [47.44756500188529, 47.4471410018852, 47.44722809969447, 47.447598391184755, 47.44763178037878, 47.447272508400715, 47.44731691700469, 47.44766516946738, 47.447698558450526, 47.447361325506385, 47.44740573390582, 47.447613213797425, 47.447504741171834, 47.44745014220297]

northing: [8.688114998358651, 8.68817999835962, 8.688281779831888, 8.688225014130653, 8.688335030042323, 8.68839010574274, 8.688498431836274, 8.68844504609366, 8.688555062284665, 8.688606758112487, 8.68871508457138, 8.688683279606717, 8.68881504176997, 8.688823411212955]

height: [10.0, 10.0, 10.0, 10.0, 10.0, 10.0, 10.0, 10.0, 10.0, 10.0, 10.0, 10.0, 10.0, 10.0]

heading: [-84.06297884436877, 51.59564426751256, 95.93702137626731, 24.10394527863511, -84.06297848176638, 31.146328984980464, 95.937021660426, 24.10394551605015, -84.0629781978181, 31.14632930550051, 95.93702172610809, -50.51122955551585, -84.06297839368756, 166.55783262549903]

waiting_time: [0, 0, 0, 0, 0, 0, 0, 0, 0, 0, 0, 0, 0, 0]
