# Serpentine with bounding rectangle 15m x 18m
coordinate_type: gps

easting: [47.450258001885146, 47.45011300188509, 47.45010746204906, 47.45024414741835, 47.4502302929478, 47.45010192220574, 47.45009638235512, 47.45021643847351, 47.45020258399546, 47.450090842497204, 47.45008530263198, 47.45010499884451]

northing: [8.682372998267091, 8.682227998264707, 8.682256884642404, 8.682393570082267, 8.682414141886639, 8.68228577101407, 8.682314657379703, 8.682434713680207, 8.682455285462968, 8.682343543739304, 8.68237243009287, 8.682392126316497]

height: [1.0, 1.0, 1.0, 1.0, 1.0, 1.0, 1.0, 1.0, 1.0, 1.0, 1.0, 1.0]

heading: [-124.14968840980643, -15.787280793319052, 55.85031155451261, -44.794601873385446, -124.14968848591616, -15.787280846671038, 55.85031148028421, -44.794601963322876, -124.14968855660898, -15.78728087800194, 55.850311256683334, 94.8471621922181]

waiting_time: [0, 0, 0, 0, 0, 0, 0, 0, 0, 0, 0, 0]
