coordinate_type: gps

easting: [8.682227974533786, 8.682372974530846, 8.6823985842951, 8.682263935141316, 8.682299895749022, 8.682424194059193, 8.682449803823122, 8.68233585635691, 8.682371816964974, 8.682398916684805]

northing: [47.45011661218575, 47.45026161282197, 47.450244365355545, 47.450109715599496, 47.450102819012855, 47.450227117887046, 47.45020987041647, 47.450095922425824, 47.4500890258384, 47.4501161256749]

height: [1.0, 1.0, 1.0, 1.0, 1.0, 1.0, 1.0, 1.0, 1.0, 1.0]

heading: [45.142014063883884, 123.8276070658525, -134.85798723390445, 100.80400023982784, 45.14201146620311, 123.82760490664177, -134.8579898297496, 100.80399718549, 45.142010514574636, -89.83774052432183]

waiting_time: [0, 0, 0, 0, 0, 0, 0, 0, 0, 0]
